 1.000000000000e-04  0.000000000000e+00  0.000000000000e+00  0.000000000000e+00  0.000000000000e+00  0.000000000000e+00 0.000000000000e+00
 1.204503540259e-04  0.000000000000e+00  0.000000000000e+00  0.000000000000e+00  0.000000000000e+00  0.000000000000e+00 0.000000000000e+00
 1.450828778496e-04  0.000000000000e+00  0.000000000000e+00  0.000000000000e+00  0.000000000000e+00  0.000000000000e+00 2.105050714854e-09
 1.747528400008e-04  0.000000000000e+00  0.000000000000e+00  0.000000000000e+00  0.000000000000e+00  0.000000000000e+00 0.000000000000e+00
 2.104904144512e-04  0.000000000000e+00  2.128629927821e-09  0.000000000000e+00  4.416169693578e-09  0.000000000000e+00 3.035260960689e-09
 2.535364493970e-04  2.328751876182e-09  0.000000000000e+00  2.816605758630e-09  2.765262097739e-09  6.551333974769e-09 7.058597487417e-09
 3.053855508833e-04  0.000000000000e+00  0.000000000000e+00  3.257843135165e-09  0.000000000000e+00  1.120649455388e-08 0.000000000000e+00
 3.678379771829e-04  0.000000000000e+00  0.000000000000e+00  4.085150581792e-09  3.662739244708e-09  0.000000000000e+00 2.077178806060e-08
 4.430621457584e-04  0.000000000000e+00  9.018403428056e-09  1.918369625305e-08  9.911104927099e-09  2.748866366482e-08 0.000000000000e+00
 5.336699231206e-04  0.000000000000e+00  0.000000000000e+00  2.640790950057e-08  5.782977767856e-09  1.844083096760e-08 6.785262717659e-08
 6.428073117284e-04  6.376368895527e-09  0.000000000000e+00  1.308964956086e-08  5.055492594767e-08  3.222470829624e-08 1.152071005488e-07
 7.742636826811e-04  0.000000000000e+00  8.233664973286e-09  3.305696392041e-08  5.940363991317e-08  7.902196094806e-08 1.716859400558e-07
 9.326033468832e-04  4.794598171959e-08  2.018529535153e-08  1.931741151400e-08  6.965741993158e-08  1.286467469393e-07 2.246315115562e-07
 1.123324032978e-03  0.000000000000e+00  3.548745911723e-08  8.081098567279e-08  1.821598854890e-07  2.742357122890e-07 4.044869725141e-07
 1.353047774580e-03  5.336566970301e-08  5.524101462344e-08  7.150637434047e-08  8.773828414736e-08  5.453812669838e-07 7.772289183755e-07
 1.629750834621e-03  8.200695212761e-08  1.653850985129e-07  2.508041827192e-07  3.794045071471e-07  6.771764064885e-07 8.988483088176e-07
 1.963040650040e-03  2.174627468223e-07  1.748472037338e-07  3.055050966187e-07  7.884211988792e-07  1.275735889996e-06 1.893855886781e-06
 2.364489412645e-03  3.075121966014e-07  4.570046029957e-07  6.342768166476e-07  9.884451915793e-07  1.549010224634e-06 3.056743055670e-06
 2.848035868436e-03  3.865448585702e-07  3.359126626549e-07  1.119092329717e-06  1.478473011481e-06  2.869291872497e-06 4.386655582443e-06
 3.430469286315e-03  8.287125366971e-07  1.160764150067e-06  1.838623877013e-06  2.069700828811e-06  4.369870967393e-06 6.762160502267e-06
 4.132012400115e-03  1.332312972453e-06  1.880004436796e-06  2.267440806738e-06  4.275866674980e-06  5.988990648340e-06 1.013700021345e-05
 4.977023564332e-03  2.350695852534e-06  2.623777204960e-06  4.355075065505e-06  6.539237724058e-06  1.253622751718e-05 1.827742242499e-05
 5.994842503189e-03  4.663232863787e-06  4.353227865089e-06  6.877217099853e-06  9.280861835108e-06  1.975854052779e-05 3.256879634452e-05
 7.220809018385e-03  7.754614003743e-06  9.791743513628e-06  1.017925396960e-05  1.659240231089e-05  2.833262547447e-05 4.672107357226e-05
 8.697490026178e-03  1.145253155493e-05  1.375317346567e-05  1.928246634924e-05  2.702437369216e-05  4.976204468500e-05 7.118076424711e-05
 1.047615752790e-02  2.069260100325e-05  1.892195953348e-05  3.131625640042e-05  4.304175663068e-05  7.603535776666e-05 1.189492853763e-04
 1.261856883066e-02  3.096574943093e-05  3.424136490354e-05  5.172725901971e-05  6.792086609152e-05  1.184128617450e-04 1.866376462228e-04
 1.519911082953e-02  5.465950738424e-05  5.904730149145e-05  7.823756260687e-05  1.109122195305e-04  1.947798149347e-04 2.783652758870e-04
 1.830738280295e-02  9.632014808607e-05  9.604510217003e-05  1.336984648215e-04  1.643851550352e-04  2.911850855820e-04 4.577710085937e-04
 2.205130739903e-02  1.512754818086e-04  1.609888798384e-04  2.068025189614e-04  2.748565914214e-04  4.477338257363e-04 6.989790408640e-04
 2.656087782947e-02  2.446339231678e-04  2.694275861109e-04  3.387561700182e-04  4.327243780036e-04  7.046023868744e-04 1.081303129166e-03
 3.199267137797e-02  4.174597670061e-04  4.411548110288e-04  5.846504963513e-04  6.551685668101e-04  1.078548029753e-03 1.639661538062e-03
 3.853528593711e-02  6.821324725024e-04  7.430295457262e-04  9.069188645335e-04  1.041448324555e-03  1.669154575012e-03 2.516102891054e-03
 4.641588833613e-02  1.103968250314e-03  1.171845937859e-03  1.417329376077e-03  1.623014917876e-03  2.592261359457e-03 3.795134162737e-03
 5.590810182512e-02  1.872013407155e-03  1.941407584768e-03  2.354000605329e-03  2.535732582189e-03  3.971590627296e-03 5.642131343281e-03
 6.734150657751e-02  3.029456953846e-03  3.148589601850e-03  3.809245316273e-03  4.014860510836e-03  6.044656130634e-03 8.412413595889e-03
 8.111308307897e-02  4.735764429151e-03  5.046586699231e-03  5.889603946527e-03  6.230126137335e-03  8.943657985826e-03 1.233467779217e-02
 9.770099572992e-02  7.573450484544e-03  7.907457880930e-03  9.270775599193e-03  9.657002446738e-03  1.353171240310e-02 1.818502075005e-02
 1.176811952435e-01  1.209513203805e-02  1.286938431373e-02  1.452719026667e-02  1.449563681876e-02  2.019723212394e-02 2.695898406876e-02
 1.417474162927e-01  1.935436265236e-02  1.986628231563e-02  2.280563332934e-02  2.269835564179e-02  3.032187605328e-02 3.896287917389e-02
 1.707352647471e-01  3.009340105361e-02  3.099991646641e-02  3.544191903429e-02  3.416333113799e-02  4.414942352945e-02 5.596891011982e-02
 2.056512308349e-01  4.703054955338e-02  4.845433438226e-02  5.309667518123e-02  5.130746732875e-02  6.461987950864e-02 7.994775821348e-02
 2.477076355992e-01  7.134998738102e-02  7.427824234250e-02  8.107160274443e-02  7.581375923008e-02  9.316651060660e-02 1.122852818350e-01
 2.983647240283e-01  1.084573568774e-01  1.104905611261e-01  1.220332705020e-01  1.128145072183e-01  1.314813903738e-01 1.565822206623e-01
 3.593813663805e-01  1.616151928370e-01  1.650776169454e-01  1.780400656061e-01  1.632304434569e-01  1.868012402662e-01 2.167569906150e-01
 4.328761281083e-01  2.354771684305e-01  2.384975933788e-01  2.561706947395e-01  2.342045198910e-01  2.579971676109e-01 2.947441277716e-01
 5.214008288000e-01  3.381161643006e-01  3.391749995858e-01  3.609186160917e-01  3.300551173381e-01  3.514362035494e-01 3.923081819712e-01
 6.280291441834e-01  4.684932130798e-01  4.733032804904e-01  4.928145535195e-01  4.561379691241e-01  4.753260454662e-01 5.086927250361e-01
 7.564633275546e-01  6.328892744848e-01  6.296683610465e-01  6.518140645036e-01  6.081538426313e-01  6.258965644848e-01 6.540588799242e-01
 9.111627561155e-01  8.127947571525e-01  8.183869512261e-01  8.237345817907e-01  7.932324080844e-01  7.986992281538e-01 8.293120484373e-01
 1.097498765493e+00  1.000000000000e+00  1.000000000000e+00  1.000000000000e+00  1.000000000000e+00  1.000000000000e+00 1.000000000000e+00
 1.321941148466e+00  1.161361201325e+00  1.152255325485e+00  1.139051536404e+00  1.196005559883e+00  1.200022218142e+00 1.184480737724e+00
 1.592282793341e+00  1.258414670873e+00  1.243092170565e+00  1.202747087627e+00  1.360363817600e+00  1.382436392563e+00 1.362423393788e+00
 1.917910261672e+00  1.239353696236e+00  1.224059014798e+00  1.155453297464e+00  1.434140741461e+00  1.525289505550e+00 1.492603844952e+00
 2.310129700083e+00  1.113158072445e+00  1.085286552809e+00  9.941764824126e-01  1.406976273892e+00  1.573800595710e+00 1.560702135693e+00
 2.782559402207e+00  8.663672788290e-01  8.469537740431e-01  7.546065184514e-01  1.251605810311e+00  1.525063463632e+00 1.560242070243e+00
 3.351602650939e+00  5.856000933668e-01  5.573514426350e-01  4.816105849038e-01  9.787378897524e-01  1.357582992336e+00 1.480393765504e+00
 4.037017258597e+00  3.244121767392e-01  3.031200544685e-01  2.521341174039e-01  6.483162275417e-01  1.096071966385e+00 1.274514855397e+00
 4.862601580065e+00  1.418771770703e-01  1.386874959193e-01  1.093634732900e-01  3.692747000027e-01  7.732736655720e-01 1.041712630720e+00
 5.857020818057e+00  4.918604881588e-02  4.292449487532e-02  3.409422964935e-02  1.704200267283e-01  4.920390899055e-01 7.732475809893e-01
 7.054802310719e+00  1.086662444406e-02  1.180304376181e-02  8.608667004676e-03  6.022924998311e-02  2.583194059304e-01 5.042819027087e-01
 8.497534359086e+00  1.912334813865e-03  1.234735857823e-03  1.214238511040e-03  1.621578166918e-02  1.035754323558e-01 2.725164529384e-01
 1.023531021899e+01  9.553208699727e-05  0.000000000000e+00  0.000000000000e+00  3.694948886209e-03  3.783886394229e-02 1.385750968164e-01
 1.232846739442e+01  0.000000000000e+00  0.000000000000e+00  0.000000000000e+00  3.856022690999e-04  8.019589057802e-03 5.250865565116e-02
 1.484968262254e+01  0.000000000000e+00  0.000000000000e+00  0.000000000000e+00  1.550098010845e-04  1.050439496737e-03 1.868262080021e-02
 1.788649529057e+01  0.000000000000e+00  0.000000000000e+00  0.000000000000e+00  0.000000000000e+00  4.247295041583e-04 5.817968873232e-03
 2.154434690032e+01  0.000000000000e+00  0.000000000000e+00  0.000000000000e+00  0.000000000000e+00  0.000000000000e+00 8.733781798358e-04
 2.595024211400e+01  0.000000000000e+00  0.000000000000e+00  0.000000000000e+00  0.000000000000e+00  0.000000000000e+00 0.000000000000e+00
 3.125715849688e+01  0.000000000000e+00  0.000000000000e+00  0.000000000000e+00  0.000000000000e+00  0.000000000000e+00 0.000000000000e+00
 3.764935806792e+01  0.000000000000e+00  0.000000000000e+00  0.000000000000e+00  0.000000000000e+00  0.000000000000e+00 0.000000000000e+00
 4.534878508129e+01  0.000000000000e+00  0.000000000000e+00  0.000000000000e+00  0.000000000000e+00  0.000000000000e+00 0.000000000000e+00
 5.462277217684e+01  0.000000000000e+00  0.000000000000e+00  0.000000000000e+00  0.000000000000e+00  0.000000000000e+00 0.000000000000e+00
 6.579332246576e+01  0.000000000000e+00  0.000000000000e+00  0.000000000000e+00  0.000000000000e+00  0.000000000000e+00 8.469973492537e-04
 7.924828983539e+01  0.000000000000e+00  0.000000000000e+00  0.000000000000e+00  0.000000000000e+00  0.000000000000e+00 0.000000000000e+00
 9.545484566618e+01  0.000000000000e+00  0.000000000000e+00  0.000000000000e+00  0.000000000000e+00  0.000000000000e+00 0.000000000000e+00
 1.149756995398e+02  0.000000000000e+00  0.000000000000e+00  0.000000000000e+00  0.000000000000e+00  0.000000000000e+00 0.000000000000e+00
 1.384886371394e+02  0.000000000000e+00  0.000000000000e+00  0.000000000000e+00  0.000000000000e+00  0.000000000000e+00 0.000000000000e+00
 1.668100537200e+02  0.000000000000e+00  0.000000000000e+00  0.000000000000e+00  0.000000000000e+00  0.000000000000e+00 0.000000000000e+00
 2.009233002565e+02  0.000000000000e+00  0.000000000000e+00  0.000000000000e+00  0.000000000000e+00  0.000000000000e+00 0.000000000000e+00
 2.420128264794e+02  0.000000000000e+00  0.000000000000e+00  0.000000000000e+00  0.000000000000e+00  0.000000000000e+00 3.587694487056e-03
 2.915053062825e+02  0.000000000000e+00  0.000000000000e+00  0.000000000000e+00  0.000000000000e+00  0.000000000000e+00 0.000000000000e+00
 3.511191734215e+02  0.000000000000e+00  0.000000000000e+00  0.000000000000e+00  0.000000000000e+00  0.000000000000e+00 4.862248716923e-03
 4.229242874390e+02  0.000000000000e+00  0.000000000000e+00  0.000000000000e+00  0.000000000000e+00  0.000000000000e+00 0.000000000000e+00
 5.094138014816e+02  0.000000000000e+00  0.000000000000e+00  0.000000000000e+00  0.000000000000e+00  0.000000000000e+00 0.000000000000e+00
 6.135907273413e+02  0.000000000000e+00  0.000000000000e+00  0.000000000000e+00  0.000000000000e+00  0.000000000000e+00 0.000000000000e+00
 7.390722033526e+02  0.000000000000e+00  0.000000000000e+00  0.000000000000e+00  0.000000000000e+00  0.000000000000e+00 1.297019613046e-01
 8.902150854450e+02  0.000000000000e+00  0.000000000000e+00  0.000000000000e+00  0.000000000000e+00  0.000000000000e+00 0.000000000000e+00
 1.072267222010e+03  0.000000000000e+00  0.000000000000e+00  0.000000000000e+00  0.000000000000e+00  0.000000000000e+00 0.000000000000e+00
 1.291549665015e+03  0.000000000000e+00  0.000000000000e+00  0.000000000000e+00  0.000000000000e+00  0.000000000000e+00 0.000000000000e+00
 1.555676143930e+03  0.000000000000e+00  0.000000000000e+00  0.000000000000e+00  0.000000000000e+00  0.000000000000e+00 0.000000000000e+00
 1.873817422860e+03  0.000000000000e+00  0.000000000000e+00  0.000000000000e+00  0.000000000000e+00  0.000000000000e+00 0.000000000000e+00
 2.257019719634e+03  0.000000000000e+00  0.000000000000e+00  0.000000000000e+00  0.000000000000e+00  0.000000000000e+00 0.000000000000e+00
 2.718588242733e+03  0.000000000000e+00  0.000000000000e+00  0.000000000000e+00  0.000000000000e+00  0.000000000000e+00 0.000000000000e+00
 3.274549162878e+03  0.000000000000e+00  0.000000000000e+00  0.000000000000e+00  0.000000000000e+00  0.000000000000e+00 0.000000000000e+00
 3.944206059438e+03  0.000000000000e+00  0.000000000000e+00  0.000000000000e+00  0.000000000000e+00  0.000000000000e+00 0.000000000000e+00
 4.750810162103e+03  0.000000000000e+00  0.000000000000e+00  0.000000000000e+00  0.000000000000e+00  0.000000000000e+00 0.000000000000e+00
 5.722367659350e+03  0.000000000000e+00  0.000000000000e+00  0.000000000000e+00  0.000000000000e+00  0.000000000000e+00 0.000000000000e+00
 6.892612104350e+03  0.000000000000e+00  0.000000000000e+00  0.000000000000e+00  0.000000000000e+00  0.000000000000e+00 0.000000000000e+00
 8.302175681320e+03  0.000000000000e+00  0.000000000000e+00  0.000000000000e+00  0.000000000000e+00  0.000000000000e+00 0.000000000000e+00
 1.000000000000e+04  0.000000000000e+00  0.000000000000e+00  0.000000000000e+00  0.000000000000e+00  0.000000000000e+00 0.000000000000e+00
